Esecuzione 1  etich=20%
chunk0    len=420
average purity error: 0.215198928056
Clusters label: [ 0  1  2  3  4  5  6  7  8  9 10 11 12 13 14 15 16 17 18 19 20 21 22 23 24
 25 26 27 28 29 30 31 32 33 34 35 36 37 38 39 40 41 42 43 44 45 46 47 48 19
 50 51 52 53 54 55 56 57 58 59 60 61 69 63 64 65 66 67 68 35]
Cluster 0
	[ 1021.    17.     7.     8.    18.]
Cluster 1
	[ 34.  26.]
Cluster 2
	[ 52.  46.  55.  45.]
Cluster 3
	[   76.    77.    65.    78.  1288.   283.    64.]
Cluster 4
	[  86.   93.  652.  297.  525.]
Cluster 5
	[ 1280.   110.   116.   109.   101.]
Cluster 6
	[ 125.  131.  136.  134.  137.  132.]
Cluster 7
	[ 145.  155.  149.  146.  147.]
Cluster 8
	[  171.   174.  1081.   175.]
Cluster 9
	[ 190.  396.  622.  185.  678.   25.  199.]
Cluster 10
	[ 220.  208.  201.  213.  216.  203.]
Cluster 11
	[  226.   233.   236.  1340.   232.   239.   231.   395.]
Cluster 12
	[ 242.  246.  248.  257.  241.  260.]
Cluster 13
	[ 278.  280.  273.  270.  274.]
Cluster 14
	[ 300.  284.   81.]
Cluster 15
	[ 314.  156.  309.  307.  311.  317.  319.]
Cluster 16
	[  324.   328.   337.  1144.   326.   332.   334.  1323.]
Cluster 17
	[  358.  1332.   353.   341.   360.   717.   354.   355.]
Cluster 18
	[  370.   378.  1036.  1327.   375.   371.   379.   372.]
Cluster 19
	[ 393.  381.]
Cluster 20
	[ 413.  410.  405.  412.  414.]
Cluster 21
	[ 437.  421.  433.   60.  436.  427.]
Cluster 22
	[ 442.  448.  445.  443.  449.  459.]
Cluster 23
	[  48.  477.  466.  463.  469.  472.  467.]
Cluster 24
	[ 486.  494.  549.  491.  497.]
Cluster 25
	[  513.   569.  1080.   503.   518.]
Cluster 26
	[ 526.  524.  536.  529.]
Cluster 27
	[ 499.  544.  554.  504.  558.  484.  559.  545.  520.]
Cluster 28
	[ 563.  753.  561.]
Cluster 29
	[ 581.  597.  590.  593.  591.  587.]
Cluster 30
	[ 603.  531.  609.  613.  617.  606.  620.]
Cluster 31
	[ 636.  630.  572.  634.]
Cluster 32
	[ 658.  644.  653.  955.  942.  645.]
Cluster 33
	[  671.   675.   674.  1100.   626.   663.]
Cluster 34
	[ 685.  688.  690.  993.  682.  686.  994.  683.]
Cluster 35
	[  708.  1053.  1125.   720.  1058.  1271.   712.]
Cluster 36
	[ 723.  739.  738.  728.  736.  734.]
Cluster 37
	[ 757.  746.  752.  759.  751.]
Cluster 38
	[ 431.  772.  762.  765.  769.  774.  775.  952.]
Cluster 39
	[ 789.  790.  798.  797.  792.  782.]
Cluster 40
	[ 812.  804.  809.  802.  814.  808.]
Cluster 41
	[ 839.  833.  823.  837.  840.  828.]
Cluster 42
	[  852.   857.   848.  1258.   844.  1257.   841.   853.  1013.]
Cluster 43
	[ 874.  906.   96.  875.   88.  879.   73.  897.  877.  870.   97.]
Cluster 44
	[ 889.  881.  900.  890.]
Cluster 45
	[ 907.  920.  909.  901.  915.]
Cluster 46
	[ 1188.   929.   927.    10.]
Cluster 47
	[ 945.  950.  642.]
Cluster 48
	[  965.   979.   971.   977.   962.  1208.]
Cluster 49
	[ 1000.   382.   987.   389.]
Cluster 50
	[ 1020.  1016.  1005.  1011.   864.    32.    33.    23.  1001.]
Cluster 51
	[ 1033.  1023.  1026.   960.  1038.]
Cluster 52
	[ 1060.  1262.  1279.  1043.  1042.  1052.]
Cluster 53
	[ 1064.  1079.   180.  1076.   168.   667.   187.   162.  1063.   196.
  1077.]
Cluster 54
	[ 1093.  1092.  1086.  1085.]
Cluster 55
	[ 1103.  1114.  1116.  1118.  1392.]
Cluster 56
	[ 1138.  1127.  1131.  1121.  1135.  1226.   277.]
Cluster 57
	[  923.  1141.  1157.  1158.  1145.   924.   936.   933.  1148.]
Cluster 58
	[ 1175.  1163.  1176.   198.  1174.  1165.  1161.]
Cluster 59
	[ 1181.  1193.  1186.  1187.  1195.]
Cluster 60
	[ 1211.  1215.  1213.  1209.   963.  1201.]
Cluster 61
	[ 1224.  1239.  1236.  1232.  1253.  1230.]
Cluster 62
	[ 1387.  1108.   115.  1250.  1394.  1241.  1400.   118.  1102.]
Cluster 63
	[ 1263.  1278.]
Cluster 64
	[  286.   884.  1298.  1294.  1300.   407.  1283.  1292.   293.]
Cluster 65
	[ 1307.  1318.    12.  1305.  1308.  1313.  1314.]
Cluster 66
	[ 1321.  1334.]
Cluster 67
	[ 1347.   575.   628.  1359.   506.  1345.   988.   566.  1356.  1354.
   989.  1350.]
Cluster 68
	[ 1365.  1376.  1367.  1361.  1377.  1364.]
Cluster 69
	[  704.   711.  1251.  1382.  1389.]

chunk1    len=490
average purity error: 0.181112657184
Clusters label: [ 0  1  2  3  4  5  6  7  8  9 10 11 12 13 14 15 16 17 18 19 20 21 22 23 24
 25 26 27 28 29 30 31 32 33 34 35 36 37 38 39 40 41 42 43 44 45 46 47 48 49
 50 51 52 53 54 55 56 57 58 59 60 61 62 63 64 65 66 67 68 69]
Cluster 0
	[    6.     4.     5.  1040.  1022.]
Cluster 1
	[ 778.   35.   36.   38.   91.  872.   31.]
Cluster 2
	[ 51.  54.  58.]
Cluster 3
	[ 68.  63.  72.  66.  94.  80.  62.]
Cluster 4
	[  99.  100.   83.]
Cluster 5
	[ 1113.   106.   105.   112.  1109.  1388.   114.   103.  1273.  1397.]
Cluster 6
	[ 129.  148.  121.  124.  130.  138.  140.]
Cluster 7
	[ 982.  159.  154.  144.  158.  157.]
Cluster 8
	[  161.   165.   170.   166.  1089.   179.]
Cluster 9
	[  182.  1331.   639.   189.   184.   429.]
Cluster 10
	[ 219.  985.  209.  204.  202.  211.  205.]
Cluster 11
	[ 227.  221.  230.  224.  235.  222.]
Cluster 12
	[ 251.   24.  244.  252.  397.  253.  259.  245.]
Cluster 13
	[  262.  1139.   707.   268.   272.   263.   269.   275.]
Cluster 14
	[ 290.   89.  296.  292.  282.  288.]
Cluster 15
	[  315.   310.   313.   301.  1134.   316.   312.]
Cluster 16
	[  330.   336.   333.   322.   331.  1333.   325.]
Cluster 17
	[  348.  1338.   357.   356.   347.]
Cluster 18
	[  374.  1275.   373.   380.   366.   722.   369.  1362.  1050.   364.]
Cluster 19
	[ 392.  386.  391.  398.]
Cluster 20
	[  820.   810.  1069.   403.   416.   420.   417.   940.]
Cluster 21
	[ 426.  438.   50.  425.  423.]
Cluster 22
	[ 452.  451.  441.  444.  446.  447.]
Cluster 23
	[ 464.   43.  480.  474.  479.  461.  475.]
Cluster 24
	[ 493.  552.  485.  489.  495.  487.  483.]
Cluster 25
	[  883.  1070.   515.   514.]
Cluster 26
	[ 522.  537.  532.  538.  530.  528.]
Cluster 27
	[ 512.  517.  541.  511.  553.  546.  560.  548.]
Cluster 28
	[ 578.  579.  627.  568.  577.]
Cluster 29
	[ 595.  585.  600.  582.  598.  583.]
Cluster 30
	[ 614.  616.  619.  615.  602.  618.]
Cluster 31
	[ 632.  624.  631.]
Cluster 32
	[ 656.  953.  641.  654.  659.]
Cluster 33
	[  673.  1082.   662.   664.   665.   676.   183.   197.    20.]
Cluster 34
	[ 696.  693.  692.  992.  700.  684.  699.]
Cluster 35
	[  718.  1047.   715.  1044.   703.   706.]
Cluster 36
	[  724.   740.  1004.   725.   731.   735.]
Cluster 37
	[ 758.  750.  742.  760.  745.  570.]
Cluster 38
	[ 761.  766.  771.  779.  777.]
Cluster 39
	[ 794.  783.  791.  800.  795.  799.]
Cluster 40
	[ 816.  819.  815.  806.]
Cluster 41
	[ 829.  822.  830.  834.  838.  831.]
Cluster 42
	[  845.  1244.   861.  1247.   860.   859.   842.]
Cluster 43
	[  868.   862.   863.  1228.   869.]
Cluster 44
	[ 408.  894.  882.]
Cluster 45
	[ 898.  902.  910.  914.  916.  908.  905.   29.]
Cluster 46
	[ 938.  937.  928.  926.]
Cluster 47
	[ 947.  430.   44.  948.  946.]
Cluster 48
	[  974.   975.   978.  1205.   968.   964.   972.]
Cluster 49
	[ 998.  999.  996.]
Cluster 50
	[ 1002.  1017.  1010.  1003.  1014.]
Cluster 51
	[  651.  1039.  1031.   669.]
Cluster 52
	[ 1041.  1272.  1051.  1045.]
Cluster 53
	[ 1072.  1078.   958.   200.  1071.   657.  1066.]
Cluster 54
	[ 1096.  1088.  1084.]
Cluster 55
	[ 1110.   120.  1384.  1111.  1107.]
Cluster 56
	[ 1122.  1128.   701.  1133.   858.]
Cluster 57
	[ 1147.  1151.  1143.  1156.  1150.   922.  1146.]
Cluster 58
	[ 1177.  1178.  1180.  1168.  1172.  1170.   163.]
Cluster 59
	[ 1183.  1191.  1194.  1185.  1199.    14.  1198.]
Cluster 60
	[ 1204.  1216.  1207.  1219.  1210.]
Cluster 61
	[ 1222.  1240.  1237.  1233.  1124.  1231.]
Cluster 62
	[ 1259.   342.   849.   343.  1256.  1255.]
Cluster 63
	[ 1269.  1264.  1266.]
Cluster 64
	[  409.  1289.  1286.  1295.  1297.  1285.   892.  1290.   294.]
Cluster 65
	[  635.  1312.  1083.  1311.  1316.  1317.  1310.  1301.    19.]
Cluster 66
	[ 1328.   755.  1326.]
Cluster 67
	[  571.  1349.   516.  1353.  1351.  1346.  1358.   886.  1341.]
Cluster 68
	[ 1373.  1368.   944.  1029.  1380.  1375.  1371.  1027.   385.  1330.]
Cluster 69
	[ 1248.  1383.  1385.  1104.  1398.]
accuracy: 0.659523809524


Esecuzione 2
chunk0    len=420
average purity error: 0.202315501958
Clusters label: [ 0  1  2  3  4  5  6  7  8  9 10 11 12 13 14 15 16 17 18 19 20 21 22 23 24
 25 26 27 28 29 30 31 32 33 34 35 36 37 38 39 40 41 42 43 44 45 46 47 48 49
 50 51 52 53 54 69 56 57 58 59 60 61 62 63 64 65 66 67 68 55]
Cluster 0
	[ 12.   8.  10.]
Cluster 1
	[ 32.  23.  26.]
Cluster 2
	[ 60.  46.  55.  48.  45.]
Cluster 3
	[ 889.   76.   77.   65.   78.   73.   64.]
Cluster 4
	[ 93.  34.  96.  97.  81.]
Cluster 5
	[ 1280.   110.   116.   109.   101.]
Cluster 6
	[  125.   131.   136.   134.  1131.   137.   890.   132.]
Cluster 7
	[  145.   155.   149.   146.   156.   147.  1000.]
Cluster 8
	[  671.   171.   174.  1100.   162.  1081.   175.   663.]
Cluster 9
	[ 622.  187.  626.  199.  196.]
Cluster 10
	[ 220.  208.  201.  213.  216.  203.]
Cluster 11
	[  226.   636.   233.   236.  1340.   232.   239.   231.]
Cluster 12
	[  242.   190.   658.   246.   248.   960.   257.   241.  1038.   645.
   260.]
Cluster 13
	[ 278.  280.  273.  270.  712.  274.]
Cluster 14
	[ 286.  300.  284.  297.  283.]
Cluster 15
	[  314.   309.   307.   311.   317.  1135.   319.  1042.]
Cluster 16
	[ 324.  328.  337.  326.  332.]
Cluster 17
	[ 1332.   353.   341.   360.   717.   354.   355.]
Cluster 18
	[  378.  1263.  1271.   375.   371.   379.   372.]
Cluster 19
	[  180.   396.  1076.   168.   393.   381.   382.  1063.   395.]
Cluster 20
	[ 1181.   413.   410.   405.   412.   414.]
Cluster 21
	[ 437.  421.  433.   52.  431.  436.  427.]
Cluster 22
	[ 442.  448.  563.  445.  443.  449.  459.]
Cluster 23
	[ 477.  466.  463.  469.  472.  467.]
Cluster 24
	[ 486.  494.  491.  497.]
Cluster 25
	[  513.   569.  1080.   506.   572.   518.]
Cluster 26
	[ 526.  531.  524.  529.]
Cluster 27
	[ 499.  544.  554.  504.  558.  549.  484.  559.  545.]
Cluster 28
	[ 575.  752.  753.  561.]
Cluster 29
	[ 581.  597.  590.  593.  591.  587.]
Cluster 30
	[ 603.  609.  613.  617.  606.  620.]
Cluster 31
	[ 628.  634.]
Cluster 32
	[  86.  652.  644.  653.  955.  642.]
Cluster 33
	[ 675.  674.  678.]
Cluster 34
	[ 685.  688.  690.  682.  686.  683.]
Cluster 35
	[ 1103.   704.   720.  1116.   711.  1058.  1392.]
Cluster 36
	[  370.   723.  1036.   739.   738.  1327.   277.   728.   736.   734.]
Cluster 37
	[ 757.  746.  759.  751.]
Cluster 38
	[ 772.  762.  765.  769.  774.  775.]
Cluster 39
	[ 789.  790.  798.  797.  792.  782.]
Cluster 40
	[ 1321.   812.   804.   809.   802.   808.]
Cluster 41
	[ 839.  833.  823.  837.  840.  630.  828.]
Cluster 42
	[ 852.  857.  848.  841.  853.]
Cluster 43
	[ 874.  906.  875.  936.   88.  870.]
Cluster 44
	[ 884.  881.  900.  520.]
Cluster 45
	[ 907.  920.  909.  901.  915.  879.  897.  877.]
Cluster 46
	[ 923.  929.  924.  927.  933.]
Cluster 47
	[ 950.  942.  952.]
Cluster 48
	[ 965.  979.  971.  977.  962.]
Cluster 49
	[ 993.  987.  994.  389.]
Cluster 50
	[ 1020.  1016.  1005.  1011.   844.  1226.    33.  1001.  1013.]
Cluster 51
	[ 1033.  1023.  1021.  1026.]
Cluster 52
	[ 1060.  1053.  1279.  1043.  1052.]
Cluster 53
	[ 1064.  1079.   525.  1077.]
Cluster 54
	[ 1093.  1092.  1086.  1085.]
Cluster 55
	[ 1108.   115.  1394.  1241.  1400.  1382.  1102.]
Cluster 56
	[  708.  1138.  1125.  1127.  1121.]
Cluster 57
	[ 1141.  1157.  1158.  1145.  1144.  1148.]
Cluster 58
	[ 1175.  1163.  1176.   198.   667.  1174.  1165.  1161.]
Cluster 59
	[ 1188.  1193.  1186.  1187.   814.  1195.]
Cluster 60
	[ 1211.  1215.  1213.  1209.    17.     7.   963.  1208.  1201.    18.]
Cluster 61
	[  358.  1224.  1239.  1236.  1232.  1253.  1230.]
Cluster 62
	[  864.  1258.  1257.]
Cluster 63
	[ 1262.   945.  1278.]
Cluster 64
	[ 1298.  1294.  1300.   407.  1283.   536.  1292.  1288.   293.]
Cluster 65
	[ 1307.  1318.  1305.  1308.  1313.  1314.]
Cluster 66
	[  185.   334.  1334.  1323.]
Cluster 67
	[ 1347.  1359.   503.  1345.   988.   566.  1356.  1354.   989.  1350.]
Cluster 68
	[ 1365.  1376.  1367.  1361.  1377.    25.  1364.]
Cluster 69
	[ 1387.  1250.  1114.  1251.   118.  1389.  1118.]

chunk1    len=490
average purity error: 0.164136775922
Clusters label: [ 0  1  2  3  4  5  6  7  8  9 10 11 12 13 14 15 16 17 18 19 20 21 22 23 24
 25 26 27 28 29 30 31 32 33 34 35 36 37 38 39 40 41 42 43 44 45 46 47 48 49
 50 51 52 53 54 55 56 57 58 59 60 61 62 63 64 65 66 67 68 69]
Cluster 0
	[ 1082.     4.   815.    14.    20.    19.]
Cluster 1
	[ 778.   35.   38.   31.   29.]
Cluster 2
	[  50.   43.   54.  631.   58.]
Cluster 3
	[  68.   63.   72.   66.   80.  882.]
Cluster 4
	[ 290.   89.   99.   36.   91.   94.  288.  100.]
Cluster 5
	[ 1113.   106.   105.   112.   103.   120.  1107.]
Cluster 6
	[ 129.  121.  124.  130.  138.  140.]
Cluster 7
	[ 982.  148.  159.  154.  144.  157.]
Cluster 8
	[ 161.  165.  673.  170.  166.  179.]
Cluster 9
	[ 184.  183.  197.]
Cluster 10
	[ 219.  209.  204.  202.  211.  205.]
Cluster 11
	[ 227.  221.  230.  224.  235.  222.]
Cluster 12
	[  251.    24.   244.   252.   253.   259.  1039.]
Cluster 13
	[ 262.  707.  268.  272.  735.  347.  269.  275.]
Cluster 14
	[ 294.  296.  292.  282.]
Cluster 15
	[  315.   310.   313.   301.  1134.   158.   316.   312.]
Cluster 16
	[  408.   330.   336.   333.   322.   331.  1333.   325.]
Cluster 17
	[ 1338.   342.   357.   343.   356.  1231.]
Cluster 18
	[ 374.  373.  369.  364.]
Cluster 19
	[ 392.  386.  397.  398.]
Cluster 20
	[  820.  1069.   403.   416.     5.   420.   417.   940.]
Cluster 21
	[ 426.  438.   51.  430.  429.  425.  423.]
Cluster 22
	[ 452.  578.  451.  441.  444.  446.  447.]
Cluster 23
	[ 464.  480.  474.  479.  461.  475.]
Cluster 24
	[ 493.  552.  485.  489.  495.  487.  483.]
Cluster 25
	[ 1070.   511.   514.]
Cluster 26
	[ 522.  537.  532.  538.  530.  528.]
Cluster 27
	[ 512.  517.  541.  515.  553.  546.  560.  548.]
Cluster 28
	[ 163.  570.  577.]
Cluster 29
	[ 595.  579.  585.  600.  582.  598.  583.]
Cluster 30
	[ 614.  616.  619.  615.  602.  618.]
Cluster 31
	[ 627.  624.]
Cluster 32
	[ 651.  656.  953.  641.  654.  946.  657.  659.]
Cluster 33
	[ 189.  664.  665.  676.  245.]
Cluster 34
	[ 696.  693.  692.  700.  684.  699.]
Cluster 35
	[  718.  1047.   715.  1044.   703.  1104.   263.   706.  1045.]
Cluster 36
	[  724.   740.  1004.   380.   725.   731.   722.  1330.]
Cluster 37
	[ 750.  742.  639.  760.  745.  568.]
Cluster 38
	[ 761.  766.  771.  779.  777.]
Cluster 39
	[ 794.  783.  791.  800.  795.  799.]
Cluster 40
	[ 810.  816.  819.  806.]
Cluster 41
	[ 829.  822.  830.  834.  838.  831.]
Cluster 42
	[ 845.  860.  849.  859.  842.]
Cluster 43
	[ 868.  863.  869.  872.]
Cluster 44
	[ 898.  883.  892.]
Cluster 45
	[ 902.  910.  914.  916.  908.  905.]
Cluster 46
	[ 938.  937.  922.  928.  926.]
Cluster 47
	[ 182.  958.  944.   44.  948.]
Cluster 48
	[ 974.  975.  978.  968.  964.  972.]
Cluster 49
	[ 985.  998.  992.  894.  999.  996.]
Cluster 50
	[ 1002.  1017.  1010.  1003.  1014.]
Cluster 51
	[ 1029.  1040.  1022.  1031.   669.]
Cluster 52
	[ 1041.  1139.  1275.   366.  1050.  1051.]
Cluster 53
	[ 1072.  1078.   200.  1071.  1066.]
Cluster 54
	[  758.  1089.  1083.  1096.  1088.  1084.]
Cluster 55
	[ 1109.   114.  1385.  1111.]
Cluster 56
	[  348.  1122.  1128.  1228.   701.  1133.   858.  1233.]
Cluster 57
	[ 1147.  1151.  1143.  1156.  1150.  1146.    83.]
Cluster 58
	[ 1177.  1178.  1180.  1331.  1168.  1172.   662.  1170.]
Cluster 59
	[ 1183.  1191.  1194.  1185.  1199.  1198.]
Cluster 60
	[    6.  1204.  1216.  1205.  1207.  1219.  1210.]
Cluster 61
	[  862.  1222.  1240.  1237.  1255.  1124.  1398.]
Cluster 62
	[ 1244.  1248.  1259.   861.  1247.  1256.]
Cluster 63
	[ 1269.  1273.  1272.  1266.]
Cluster 64
	[  409.  1289.  1286.  1295.  1297.  1285.  1290.    62.]
Cluster 65
	[  635.  1312.  1311.  1316.  1317.  1310.  1301.]
Cluster 66
	[ 1328.   391.   755.  1326.]
Cluster 67
	[  571.  1349.   516.  1353.   632.  1351.  1346.  1358.   886.  1341.]
Cluster 68
	[ 1373.  1368.   947.  1264.  1380.  1375.  1362.  1371.  1027.   385.]
Cluster 69
	[ 1110.  1383.  1388.  1397.  1384.]
accuracy: 0.678571428571


Esecuzione 3
chunk0    len=420
average purity error: 0.221428571429
Clusters label: [ 0  1  2  3  4  5  6  7  8  9 10 11 12 13 14 15 16 17 18 19 20 21 22 23 24
 25 14 27 28 29 30 31 32 33 34 35 36 37 38 39 40 41 42 43 44 45 46 47 48 49
 50 51 52 53 54 55 56 57 58 59 60 61 62 63 64 65 66 67 68 69]
Cluster 0
	[   12.  1086.     8.  1085.    10.]
Cluster 1
	[ 32.  33.  23.  26.]
Cluster 2
	[ 60.  46.  55.  48.  45.]
Cluster 3
	[  93.   76.   77.   65.  875.   78.   64.]
Cluster 4
	[  86.  678.  642.   81.]
Cluster 5
	[ 1280.   110.   116.   109.   101.  1043.]
Cluster 6
	[  125.   131.   136.   134.  1131.   137.   132.]
Cluster 7
	[  145.   155.   149.   146.   156.   147.  1000.]
Cluster 8
	[  171.   180.  1076.   168.   667.   174.   162.   175.]
Cluster 9
	[ 1080.   187.   199.   196.]
Cluster 10
	[ 220.  208.  987.  201.  213.  216.  203.]
Cluster 11
	[ 226.  233.  236.  232.  239.  231.]
Cluster 12
	[ 242.  246.  248.  257.  241.  260.]
Cluster 13
	[ 278.  280.  270.  277.  371.  274.]
Cluster 14
	[ 286.  300.  524.  293.]
Cluster 15
	[  314.   309.   307.   311.   317.  1135.   319.]
Cluster 16
	[ 324.  328.  326.  332.  900.]
Cluster 17
	[ 1332.   353.   341.   360.   717.   354.   355.]
Cluster 18
	[  370.   378.  1327.   375.   379.   372.]
Cluster 19
	[ 382.  389.  395.]
Cluster 20
	[ 1181.  1033.   413.   410.   405.   412.   414.]
Cluster 21
	[ 437.  421.  433.   52.  431.  436.  427.]
Cluster 22
	[ 442.  448.  445.  443.  449.  459.]
Cluster 23
	[ 477.  466.  463.  469.  472.  467.]
Cluster 24
	[ 486.  494.  497.  484.]
Cluster 25
	[ 513.  626.  518.]
Cluster 26
	[ 881.  297.  529.  525.  283.]
Cluster 27
	[ 499.  544.  554.  504.  558.  549.  491.  559.  545.  634.]
Cluster 28
	[ 563.  572.]
Cluster 29
	[ 581.  597.  590.  593.  591.  587.]
Cluster 30
	[ 603.  526.  531.  284.  609.  613.  617.  606.  620.]
Cluster 31
	[ 569.  636.  622.  630.]
Cluster 32
	[ 190.  658.  652.  644.  653.  960.  645.]
Cluster 33
	[  671.  1100.  1081.   663.]
Cluster 34
	[ 685.  688.  690.  682.  686.  683.]
Cluster 35
	[  704.   273.  1271.   712.]
Cluster 36
	[ 723.  739.   25.  728.  734.]
Cluster 37
	[ 757.  746.  752.  759.  753.  561.]
Cluster 38
	[ 772.  762.  765.  769.  774.  775.]
Cluster 39
	[ 789.  790.  798.  797.  792.  782.]
Cluster 40
	[ 812.  804.  674.  809.  802.  814.  808.]
Cluster 41
	[ 839.  833.  823.  837.  840.  828.]
Cluster 42
	[  852.   857.   848.   844.   841.   853.  1013.]
Cluster 43
	[ 874.   34.   96.   88.  879.  877.  870.   97.]
Cluster 44
	[ 889.  185.  993.   73.  897.  890.]
Cluster 45
	[ 907.  906.  920.  901.  915.]
Cluster 46
	[ 923.  929.  936.  933.]
Cluster 47
	[ 950.  955.  942.  952.]
Cluster 48
	[  965.   979.   971.   977.   962.  1208.]
Cluster 49
	[  337.  1144.   988.   334.   989.  1334.  1323.   994.]
Cluster 50
	[ 1020.  1016.   909.  1011.  1226.  1001.]
Cluster 51
	[ 1023.  1036.  1026.  1038.]
Cluster 52
	[ 1060.   708.  1053.  1263.  1058.  1042.  1052.]
Cluster 53
	[ 1064.  1079.   393.  1063.  1077.]
Cluster 54
	[ 1093.  1092.]
Cluster 55
	[ 1103.  1250.   720.  1116.   711.  1389.  1118.  1392.]
Cluster 56
	[ 1138.  1125.  1127.   738.  1121.   736.]
Cluster 57
	[ 1141.  1157.  1158.  1145.   924.  1148.]
Cluster 58
	[ 1175.  1163.  1176.   675.   198.  1174.   751.  1165.  1161.]
Cluster 59
	[ 1188.  1193.  1186.   381.   927.  1187.  1195.]
Cluster 60
	[ 1211.  1215.  1213.  1021.  1209.    17.     7.   963.  1201.    18.]
Cluster 61
	[  358.  1224.  1239.  1236.  1232.  1253.  1230.]
Cluster 62
	[ 1005.  1251.   864.  1258.  1257.]
Cluster 63
	[ 1262.   945.  1279.  1278.]
Cluster 64
	[  884.  1298.  1294.  1300.   407.  1283.   536.  1292.  1288.]
Cluster 65
	[ 1307.  1318.  1305.  1308.  1313.  1314.]
Cluster 66
	[ 1321.  1340.   396.]
Cluster 67
	[ 1347.   575.   628.  1359.   506.   503.  1345.   566.  1356.  1354.
   520.  1350.]
Cluster 68
	[ 1365.  1376.  1367.  1361.  1377.  1364.]
Cluster 69
	[ 1387.  1108.   115.  1114.  1394.  1241.  1400.  1382.   118.  1102.]

chunk1    len=490
average purity error: 0.175882886954
Clusters label: [ 0  1  2  3  4  5  6  7  8  9 10 11 12 13 14 15 16 17 18 19 20 21 22 23 24
 25 26 27 28 29 30 31 32 33 34 35 36 37 38 39 40 41 42 43 44 45 46 47 48 49
 50 51 52 53 54 55 56 57 58 59 60 61 62 63 64 65 66 67 68 69]
Cluster 0
	[    6.     4.  1040.]
Cluster 1
	[ 778.   35.   36.   31.   29.]
Cluster 2
	[ 44.  54.  58.]
Cluster 3
	[ 408.   68.   63.   72.   66.   80.   62.]
Cluster 4
	[ 290.   94.  282.  100.   83.]
Cluster 5
	[  106.   105.   112.   114.   103.  1273.   706.]
Cluster 6
	[ 129.  121.  124.  130.  138.  140.]
Cluster 7
	[ 982.  148.  159.  154.  144.  158.  157.]
Cluster 8
	[ 161.  165.  170.  166.  179.]
Cluster 9
	[ 182.  742.  200.  189.  184.  755.  197.]
Cluster 10
	[ 219.  985.  209.  204.  202.  211.  205.]
Cluster 11
	[ 227.  221.  230.  224.  235.  222.]
Cluster 12
	[ 251.   24.  244.  252.  253.  259.  245.]
Cluster 13
	[ 262.  268.  272.  722.  269.  275.]
Cluster 14
	[ 294.  296.  292.  288.]
Cluster 15
	[ 315.  310.  313.  301.  316.  312.]
Cluster 16
	[ 330.  336.  322.  331.  325.]
Cluster 17
	[ 342.  357.  343.]
Cluster 18
	[  374.  1275.   373.   380.    38.   369.  1050.   364.]
Cluster 19
	[ 392.  397.  391.  664.  385.]
Cluster 20
	[  820.   810.   409.  1191.   403.  1082.   416.   815.     5.   420.
   417.    20.]
Cluster 21
	[ 426.  438.   51.   50.  425.  423.]
Cluster 22
	[ 452.  578.  451.  441.  444.  446.  447.]
Cluster 23
	[ 464.   43.  480.  474.  479.  461.  475.]
Cluster 24
	[ 493.  552.  485.  489.  495.  483.]
Cluster 25
	[ 1070.   512.   515.   514.]
Cluster 26
	[ 522.  537.  532.  538.  530.  528.]
Cluster 27
	[ 517.  541.  511.  487.  553.  546.  560.  548.]
Cluster 28
	[ 571.  750.  163.  570.  568.]
Cluster 29
	[ 595.  579.  585.  600.  582.  598.  583.]
Cluster 30
	[ 614.  616.  619.  615.  602.  618.]
Cluster 31
	[ 639.  632.  631.  577.]
Cluster 32
	[ 656.  953.  641.  654.  946.  657.  659.]
Cluster 33
	[ 673.  665.  669.]
Cluster 34
	[  696.   693.   692.  1133.   992.   700.   684.   699.]
Cluster 35
	[  707.   718.   701.   703.  1362.]
Cluster 36
	[  724.   740.   725.   731.  1371.  1330.]
Cluster 37
	[  760.   627.   745.  1089.]
Cluster 38
	[ 761.  766.  771.  430.  779.  777.]
Cluster 39
	[ 794.  783.  791.  800.  795.  799.]
Cluster 40
	[  816.   819.  1375.   806.]
Cluster 41
	[ 829.  822.  830.  834.  838.  831.]
Cluster 42
	[ 845.  860.  849.  859.  842.]
Cluster 43
	[ 868.   89.   99.  863.   91.  869.  872.]
Cluster 44
	[ 883.  894.  882.  886.]
Cluster 45
	[ 898.  902.  910.  914.  916.  908.  905.]
Cluster 46
	[ 938.  937.  928.  926.  940.]
Cluster 47
	[ 651.  947.  958.  386.  944.  948.  398.]
Cluster 48
	[  974.   975.   978.   624.  1205.   968.   964.  1219.   972.]
Cluster 49
	[  333.  1333.   998.   999.   996.]
Cluster 50
	[ 1002.   858.  1017.  1010.  1003.  1014.]
Cluster 51
	[ 1199.  1039.   429.  1022.  1031.]
Cluster 52
	[ 1041.  1047.   366.  1051.  1045.]
Cluster 53
	[ 1069.  1072.  1078.  1071.  1066.]
Cluster 54
	[  758.  1083.  1096.  1088.  1084.]
Cluster 55
	[ 1383.   715.  1044.  1104.   263.  1107.]
Cluster 56
	[ 1338.  1139.  1122.  1128.  1004.  1134.   735.  1124.   347.  1398.]
Cluster 57
	[ 1147.  1151.  1143.  1156.  1150.   922.  1146.]
Cluster 58
	[ 1177.  1178.  1180.  1168.  1172.   662.  1170.   676.   183.]
Cluster 59
	[ 1183.  1194.  1185.    14.  1198.]
Cluster 60
	[ 1204.  1216.  1207.  1210.]
Cluster 61
	[  348.   862.  1228.  1222.  1240.  1237.  1233.  1255.   356.  1231.]
Cluster 62
	[ 1244.  1248.  1259.   861.  1247.  1256.]
Cluster 63
	[ 1269.  1272.  1266.]
Cluster 64
	[ 1289.  1286.  1295.  1297.  1285.   892.  1290.]
Cluster 65
	[  635.  1312.  1311.  1316.  1317.  1310.  1301.    19.]
Cluster 66
	[ 1328.  1331.  1326.]
Cluster 67
	[ 1349.   516.  1353.  1351.  1346.  1358.  1341.]
Cluster 68
	[ 1373.  1368.  1029.  1264.  1380.  1027.]
Cluster 69
	[ 1113.  1109.  1110.  1388.   120.  1385.  1397.  1384.  1111.]
accuracy: 0.707142857143


Esecuzione 4
chunk0    len=420
average purity error: 0.227956091528
Clusters label: [ 0  1  2  3  4  5  6  7  8  9 10 11 12 13 14 15 16 17 18 19 20 21 22 23 24
 25 26 27 28 29 30 31 32 33 34 35 36 37 38 39 40 41 42 43 44 45 46 47 48 49
 50 51 52 53 54 69 56 57 58 59 60 61 62 63 64 65 35 67 68 55]
Cluster 0
	[ 1021.    17.     7.   642.    10.    18.]
Cluster 1
	[ 34.  32.  33.  26.]
Cluster 2
	[ 1093.    60.    46.    55.  1092.    45.]
Cluster 3
	[  337.    76.    77.    65.   875.    78.    73.  1323.    64.]
Cluster 4
	[ 874.  906.   93.  678.   88.   97.   81.]
Cluster 5
	[ 1280.   115.   110.   116.   109.   101.]
Cluster 6
	[  125.   131.   136.   134.  1131.   137.   890.   132.]
Cluster 7
	[  145.   155.   149.   146.   147.  1000.]
Cluster 8
	[  671.   171.   180.   174.   162.   175.   663.  1077.]
Cluster 9
	[ 198.  185.  950.  751.  199.  196.]
Cluster 10
	[ 220.  208.  201.  213.  216.  203.]
Cluster 11
	[  226.   636.   233.   236.  1340.   232.   239.   231.]
Cluster 12
	[ 242.  246.  248.  257.  241.  260.]
Cluster 13
	[ 278.  280.  273.  270.  277.  274.]
Cluster 14
	[ 286.  293.  283.]
Cluster 15
	[  314.   156.   309.   307.   311.   317.  1135.   319.]
Cluster 16
	[ 324.  328.  326.  332.]
Cluster 17
	[ 353.  341.  360.  354.  355.]
Cluster 18
	[ 378.  375.  371.  379.  372.  736.]
Cluster 19
	[  12.  396.  168.  393.  381.  395.]
Cluster 20
	[ 413.  410.  405.  412.  414.]
Cluster 21
	[ 437.  421.  433.   52.  431.  436.  427.]
Cluster 22
	[ 442.  448.  563.  445.  443.  449.  459.]
Cluster 23
	[  48.  477.  466.  463.  469.  472.  467.]
Cluster 24
	[ 499.  544.  486.  494.  549.  491.  497.  484.  634.]
Cluster 25
	[  513.  1321.   187.   520.]
Cluster 26
	[ 652.  297.  524.  525.]
Cluster 27
	[ 554.  504.  558.  559.  545.]
Cluster 28
	[ 566.  561.]
Cluster 29
	[ 581.  597.  590.  593.  591.  587.]
Cluster 30
	[ 603.  300.  526.  531.  284.  609.  613.  617.  529.  606.  620.]
Cluster 31
	[ 569.  622.  630.  626.  572.]
Cluster 32
	[ 190.  644.  653.  645.]
Cluster 33
	[  675.   674.   667.  1086.  1085.]
Cluster 34
	[ 685.  688.  690.  682.  686.  683.]
Cluster 35
	[ 1125.   704.   720.   717.  1058.]
Cluster 36
	[  370.   723.  1036.   739.   728.   734.]
Cluster 37
	[ 757.  746.  752.  759.  753.]
Cluster 38
	[ 772.  762.  765.  769.  774.  775.]
Cluster 39
	[ 789.  790.  798.  797.  792.  782.]
Cluster 40
	[   86.  1079.   812.   804.   809.   802.   808.]
Cluster 41
	[ 839.  833.  823.  837.  840.  828.]
Cluster 42
	[ 852.  857.  848.  844.  853.]
Cluster 43
	[  96.  879.  877.   23.  870.]
Cluster 44
	[  889.   884.   881.  1334.   900.]
Cluster 45
	[  907.  1020.   920.   901.   915.   897.]
Cluster 46
	[  923.  1188.   929.   924.   936.   927.   933.]
Cluster 47
	[ 658.  955.  942.  960.  952.]
Cluster 48
	[  965.   979.   971.   963.   977.   962.  1208.  1201.]
Cluster 49
	[ 382.  993.  987.  334.  994.  389.]
Cluster 50
	[ 1005.  1011.   864.  1258.  1257.  1001.  1013.]
Cluster 51
	[ 1033.  1023.  1026.  1038.]
Cluster 52
	[ 1060.  1262.  1053.  1263.  1279.  1043.  1052.]
Cluster 53
	[ 1064.  1080.  1076.  1063.   518.]
Cluster 54
	[ 1100.  1081.]
Cluster 55
	[ 1387.  1108.  1394.  1241.  1382.   118.  1102.]
Cluster 56
	[ 1138.  1127.   738.  1121.  1226.]
Cluster 57
	[ 1141.  1157.  1193.  1158.  1145.  1144.  1148.]
Cluster 58
	[ 1175.  1163.  1176.  1174.  1165.  1161.]
Cluster 59
	[ 1181.  1186.  1187.  1195.]
Cluster 60
	[ 1211.  1215.  1213.  1209.]
Cluster 61
	[  358.  1016.  1224.  1239.  1236.  1232.  1230.]
Cluster 62
	[ 1116.  1251.  1253.   841.]
Cluster 63
	[  945.  1271.  1278.]
Cluster 64
	[ 1298.  1294.  1300.   407.  1283.   536.  1292.  1288.]
Cluster 65
	[ 1307.  1318.  1305.  1308.     8.  1313.  1314.]
Cluster 66
	[  708.  1332.   909.   712.  1327.  1042.]
Cluster 67
	[ 1347.   575.   628.  1359.   506.   503.  1345.   988.  1356.  1354.
   989.  1350.]
Cluster 68
	[ 1365.  1376.  1367.  1361.  1377.    25.  1364.   814.]
Cluster 69
	[ 1103.  1250.  1114.   711.  1400.  1389.  1118.  1392.]
chunk1    len=490
average purity error: 0.176355905999
Clusters label: [ 0  1  2  3  4  5  6  7  8  9 10 11 12 13 14 15 16 17 18 19 20 21 22 23 24
 25 26 27 28 29 30 31 32 33 34 35 36 37 38 39 40 41 42 43 44 45 46 47 48 49
 50 51 52 53 54 55 56 57 58 59 60 61 62 63 64 65 66 67 68 69]
Cluster 0
	[    6.     4.  1040.  1022.]
Cluster 1
	[ 778.   24.   36.   38.   83.   31.   29.]
Cluster 2
	[   51.    50.    43.  1096.    54.]
Cluster 3
	[  68.   63.   72.   66.   94.  869.   80.  882.]
Cluster 4
	[ 290.   89.   99.   35.   91.  872.  100.]
Cluster 5
	[ 106.  105.  112.  114.  103.  120.  706.]
Cluster 6
	[ 129.  121.  124.  130.  138.  140.]
Cluster 7
	[ 982.  148.  159.  154.  144.  157.]
Cluster 8
	[  161.  1069.   165.   662.   170.   166.  1071.     5.   179.    20.]
Cluster 9
	[  182.  1072.   200.   189.   183.]
Cluster 10
	[ 219.  985.  209.  204.  202.  211.  205.]
Cluster 11
	[ 227.  221.  230.  224.  235.  222.]
Cluster 12
	[ 251.  244.  252.  253.  259.  245.]
Cluster 13
	[ 262.  268.  272.  735.  263.  269.  275.]
Cluster 14
	[ 294.  296.  292.  282.  288.]
Cluster 15
	[  315.   310.   313.   301.  1134.   158.   316.   312.]
Cluster 16
	[ 330.  336.  333.  322.  331.  325.]
Cluster 17
	[ 342.  343.  347.]
Cluster 18
	[  724.   374.  1004.   373.   380.   725.   366.   722.   369.  1050.
   364.]
Cluster 19
	[  392.   386.   391.  1375.   657.   385.]
Cluster 20
	[ 408.  409.  416.   14.   19.]
Cluster 21
	[ 426.  438.  429.  425.  423.]
Cluster 22
	[ 452.  578.  451.  441.  444.  446.  447.]
Cluster 23
	[ 464.  480.  474.  479.  461.  475.]
Cluster 24
	[ 493.  485.  489.  495.  487.  483.]
Cluster 25
	[ 517.  514.]
Cluster 26
	[  522.   538.  1198.   530.]
Cluster 27
	[ 512.  552.  541.  511.  515.  553.  546.  560.  548.]
Cluster 28
	[ 750.  163.  568.  755.  577.]
Cluster 29
	[ 595.  579.  585.  600.  582.  598.  583.]
Cluster 30
	[ 614.  616.  537.  619.  532.  615.  602.  528.  618.]
Cluster 31
	[ 639.  627.  631.]
Cluster 32
	[ 656.  641.  654.  946.  659.]
Cluster 33
	[ 673.  397.  184.  664.  665.  197.  669.  398.]
Cluster 34
	[ 696.  693.  692.  700.  684.  699.]
Cluster 35
	[ 1338.  1139.   707.   862.   701.   703.  1398.]
Cluster 36
	[ 740.  731.]
Cluster 37
	[ 742.  760.  745.   44.]
Cluster 38
	[ 761.  766.  771.  430.  779.  777.]
Cluster 39
	[ 794.  783.  791.  800.  795.  799.]
Cluster 40
	[ 820.  810.  816.  403.  819.  815.  806.  420.  417.]
Cluster 41
	[ 829.  822.  830.  834.  838.  831.]
Cluster 42
	[  845.   861.   860.   849.   858.   859.  1256.   842.]
Cluster 43
	[ 868.  863.]
Cluster 44
	[ 883.  892.  894.]
Cluster 45
	[ 898.  902.  910.  914.  916.  908.  905.]
Cluster 46
	[ 938.  937.  928.  926.]
Cluster 47
	[ 651.  947.  958.  944.  953.  948.   58.]
Cluster 48
	[  974.   975.   978.   624.  1205.   968.   964.  1219.   972.]
Cluster 49
	[ 1333.   998.   992.   999.   996.]
Cluster 50
	[ 1002.  1017.  1010.  1003.  1014.]
Cluster 51
	[ 1029.  1039.  1031.  1027.]
Cluster 52
	[ 1041.  1269.  1047.  1273.  1272.  1051.  1326.]
Cluster 53
	[  758.  1070.  1078.  1066.]
Cluster 54
	[ 1089.  1088.  1084.]
Cluster 55
	[ 1248.   718.  1383.   715.  1044.  1104.  1107.  1045.]
Cluster 56
	[  348.  1122.  1128.  1228.  1133.   357.  1233.   356.  1231.]
Cluster 57
	[ 1147.  1151.  1143.  1156.  1185.  1150.   922.  1146.]
Cluster 58
	[ 1177.  1178.  1180.  1168.  1172.  1170.   676.]
Cluster 59
	[ 1183.  1191.  1194.  1199.   940.]
Cluster 60
	[ 1204.  1216.  1207.  1210.]
Cluster 61
	[ 1222.  1240.  1237.  1255.  1124.]
Cluster 62
	[ 1244.  1259.  1247.]
Cluster 63
	[ 1275.  1264.  1266.]
Cluster 64
	[ 1289.  1286.  1295.  1297.  1285.  1290.    62.]
Cluster 65
	[  635.  1082.  1312.  1083.   570.  1311.  1316.  1317.  1310.  1301.]
Cluster 66
	[ 1328.  1331.  1330.]
Cluster 67
	[  571.  1349.   516.  1353.   632.  1351.  1346.  1358.   886.  1341.]
Cluster 68
	[ 1373.  1368.  1380.  1362.  1371.]
Cluster 69
	[ 1113.  1109.  1110.  1388.  1385.  1397.  1384.  1111.]
accuracy: 0.7


Esecuzione 5
chunk0    len=420
average purity error: 0.223092145949
Clusters label: [ 0  1  2  3  4  5  6  7  8  9 10 11 12 13 14 15 16 17 18 19 20 21 22 23 27
 25 14 24 28 29 30 31 32 33 34 35 36 37 38 39 40 41 42 43 44 45 46 47 48 49
 50 51 52 53 54 55 56 57 58 59 60 61 62 63 64 65 66 67 68 69]
Cluster 0
	[   12.  1086.     8.  1085.    10.]
Cluster 1
	[ 1020.    32.    33.    23.    26.]
Cluster 2
	[ 60.  46.  55.  45.]
Cluster 3
	[   76.    77.    65.    78.    73.  1288.    64.]
Cluster 4
	[ 93.  34.  81.]
Cluster 5
	[ 115.  110.  116.  109.  101.]
Cluster 6
	[  125.   131.   136.   134.  1131.   137.   890.   132.]
Cluster 7
	[ 145.  155.  149.  146.  147.]
Cluster 8
	[ 671.  171.  180.  168.  174.  381.  162.  175.]
Cluster 9
	[ 190.  185.]
Cluster 10
	[ 220.  208.  987.  201.  213.  216.  203.]
Cluster 11
	[  226.   233.   236.  1340.   232.   239.   231.]
Cluster 12
	[ 242.  246.  248.  257.  241.  260.]
Cluster 13
	[ 278.  280.  273.  270.  712.  371.  274.]
Cluster 14
	[ 300.  284.  524.  293.]
Cluster 15
	[  314.   156.   309.   307.   311.   317.   319.  1042.]
Cluster 16
	[ 324.  328.  337.  326.  332.  334.]
Cluster 17
	[ 353.  341.  360.  717.  354.  355.]
Cluster 18
	[  370.   378.  1327.   375.   379.]
Cluster 19
	[ 1321.   396.   393.   382.  1063.   395.]
Cluster 20
	[ 1181.  1023.   413.   412.   414.]
Cluster 21
	[  437.  1093.   421.   433.    52.   431.   436.  1092.   427.]
Cluster 22
	[ 442.  448.  563.  445.  443.  449.  459.]
Cluster 23
	[  48.  477.  466.  463.  469.  472.  467.]
Cluster 24
	[ 499.  554.  558.  491.  484.  559.  545.]
Cluster 25
	[  513.   504.  1080.   187.   626.   518.]
Cluster 26
	[ 286.  297.  536.  525.  283.]
Cluster 27
	[ 544.  486.  494.  549.  497.]
Cluster 28
	[ 575.  561.  634.]
Cluster 29
	[ 581.  597.  590.  593.  591.  587.]
Cluster 30
	[ 603.  526.  531.  609.  613.  617.  529.  606.  620.]
Cluster 31
	[ 569.  636.  622.  630.  572.]
Cluster 32
	[ 652.  644.  653.  960.  645.]
Cluster 33
	[ 675.  674.  667.  950.  942.  678.  663.]
Cluster 34
	[ 685.  889.  688.  690.  993.  682.  686.  994.  683.]
Cluster 35
	[  708.  1332.  1125.   704.  1058.  1389.  1052.]
Cluster 36
	[ 909.  723.  739.  738.  728.  372.  736.  734.]
Cluster 37
	[ 757.  746.  752.  759.  753.]
Cluster 38
	[ 772.  762.  765.  769.  774.  775.]
Cluster 39
	[ 789.  790.  798.  797.  792.  782.]
Cluster 40
	[  86.  812.  804.  809.  802.  808.]
Cluster 41
	[ 839.  833.  823.  837.  840.  828.]
Cluster 42
	[  852.   857.  1258.   841.   853.]
Cluster 43
	[ 874.   96.  875.  864.  879.  877.  870.   97.]
Cluster 44
	[ 884.  881.  900.  897.]
Cluster 45
	[ 907.  906.  920.  901.  915.   88.]
Cluster 46
	[ 923.  929.  924.  936.  933.]
Cluster 47
	[  945.   955.   642.   952.  1278.]
Cluster 48
	[ 965.  979.  971.  977.]
Cluster 49
	[ 1000.   988.   989.   389.]
Cluster 50
	[ 1016.  1005.  1011.   844.  1001.  1013.]
Cluster 51
	[ 1033.   658.  1036.  1026.    25.  1038.   814.]
Cluster 52
	[ 1060.  1053.  1043.  1392.]
Cluster 53
	[ 1064.  1079.  1076.   196.  1077.]
Cluster 54
	[ 1100.  1081.]
Cluster 55
	[ 1103.  1250.  1114.   720.   711.  1251.  1118.]
Cluster 56
	[ 1138.  1127.  1121.  1135.  1226.   277.]
Cluster 57
	[ 1141.  1157.  1158.  1145.  1144.  1148.]
Cluster 58
	[ 1175.  1163.  1176.   198.  1174.   751.  1165.  1161.]
Cluster 59
	[ 1188.  1193.   410.  1186.   405.   927.  1187.  1195.]
Cluster 60
	[ 1211.  1215.  1213.  1021.  1209.    17.     7.   963.   962.  1208.
  1201.    18.]
Cluster 61
	[  358.  1116.  1224.  1239.  1236.  1232.  1253.  1230.]
Cluster 62
	[ 1241.   118.   848.  1257.]
Cluster 63
	[ 1280.  1262.  1263.  1279.  1271.]
Cluster 64
	[ 1298.  1294.  1300.   407.  1283.  1292.]
Cluster 65
	[ 1307.  1318.  1305.  1308.  1313.  1314.]
Cluster 66
	[  199.  1334.  1323.]
Cluster 67
	[ 1347.   628.  1359.   506.   503.  1345.   566.  1356.  1354.   520.
  1350.]
Cluster 68
	[ 1365.  1376.  1367.  1361.  1377.  1364.]
Cluster 69
	[ 1387.  1108.  1394.  1400.  1382.  1102.]
chunk1    len=490
average purity error: 0.157648423006
Clusters label: [ 0  1  2  3  4  5  6  7  8  9 10 11 12 13 14 15 16 17 18 19 20 21 22 23 24
 25 26 27 28 29 30 31 32 33 34 35 36 37 38 39 40 41 42 43 44 45 46 47 48 49
 50 51 52 53 54 55 56 57 58 59 60 61 62 63 64 65 66 67 68 69]
Cluster 0
	[    6.     4.  1022.]
Cluster 1
	[   24.    38.  1264.    31.    29.]
Cluster 2
	[   51.    50.  1096.    54.]
Cluster 3
	[  68.   63.   72.   66.   94.   80.  882.   62.]
Cluster 4
	[ 290.   89.   99.   35.   36.   91.  100.   83.]
Cluster 5
	[ 1113.   106.   105.   112.  1110.  1388.   103.   120.  1397.  1107.]
Cluster 6
	[ 129.  121.  124.  130.  138.  140.]
Cluster 7
	[ 148.  159.  154.  144.  157.]
Cluster 8
	[  161.   165.   170.   166.   179.  1084.]
Cluster 9
	[ 750.  189.  184.  664.  183.  197.   58.]
Cluster 10
	[ 219.  985.  209.  204.  894.  202.  211.  205.]
Cluster 11
	[ 227.  221.  230.  224.  235.  222.]
Cluster 12
	[ 251.  244.  252.  397.  253.  259.  245.  398.]
Cluster 13
	[  262.   268.   272.   735.  1362.   347.   269.   275.]
Cluster 14
	[  294.   296.   292.  1198.   282.   288.]
Cluster 15
	[ 315.  310.  313.  301.  158.  316.  312.]
Cluster 16
	[  330.   336.   333.   322.   331.  1333.   998.   325.   996.]
Cluster 17
	[ 342.  357.  343.  356.]
Cluster 18
	[  374.   373.   380.   369.  1050.   364.  1371.]
Cluster 19
	[  392.   391.  1375.   385.]
Cluster 20
	[  820.   408.  1069.   403.   416.     5.   420.   417.   940.]
Cluster 21
	[  426.   438.   425.   423.  1266.]
Cluster 22
	[ 452.  451.  441.  444.  446.  447.]
Cluster 23
	[ 464.   43.  480.  474.  479.  461.  475.]
Cluster 24
	[ 493.  485.  483.]
Cluster 25
	[ 512.  517.  511.  515.]
Cluster 26
	[ 522.  538.  530.  528.]
Cluster 27
	[ 552.  541.  495.  487.  553.  546.  560.  548.]
Cluster 28
	[ 578.  579.  570.  568.]
Cluster 29
	[ 595.  585.  600.  582.  598.  583.]
Cluster 30
	[ 614.  616.  537.  619.  532.  615.  602.  618.]
Cluster 31
	[ 635.  639.  627.  631.  577.]
Cluster 32
	[ 651.  656.  953.  641.  654.  659.]
Cluster 33
	[ 673.  662.  665.  669.]
Cluster 34
	[  696.   693.   692.  1133.   992.   700.   684.   699.]
Cluster 35
	[  707.   718.   715.  1044.   703.   263.   706.  1045.]
Cluster 36
	[  724.   740.   725.   731.   722.  1330.]
Cluster 37
	[ 758.  742.  760.  745.   44.]
Cluster 38
	[ 778.  761.  766.  771.  430.  779.  777.]
Cluster 39
	[ 794.  783.  791.  800.  795.  799.]
Cluster 40
	[ 810.  816.  819.  815.  806.  657.   19.]
Cluster 41
	[ 829.  822.  830.  834.  838.  831.]
Cluster 42
	[  845.  1259.   860.   849.   859.  1256.   842.]
Cluster 43
	[ 868.  869.  872.]
Cluster 44
	[ 883.  892.  886.]
Cluster 45
	[ 898.  902.  910.  914.  916.  908.  905.]
Cluster 46
	[ 938.  937.  922.  928.]
Cluster 47
	[ 182.  958.  948.  946.]
Cluster 48
	[  974.   975.   978.   624.   968.   964.  1219.   972.]
Cluster 49
	[ 982.  999.]
Cluster 50
	[ 1004.   701.  1002.   858.  1017.  1010.  1003.  1014.]
Cluster 51
	[  947.  1029.  1039.  1040.   429.  1031.  1027.]
Cluster 52
	[ 1041.  1047.   366.  1051.]
Cluster 53
	[ 1070.  1072.  1078.   386.   200.  1071.   514.    20.  1066.]
Cluster 54
	[ 1082.  1089.  1083.  1088.]
Cluster 55
	[ 1248.  1109.   114.  1104.  1111.]
Cluster 56
	[ 1338.  1139.  1122.  1128.  1134.  1124.  1398.]
Cluster 57
	[ 1147.  1151.  1143.  1156.  1150.  1146.]
Cluster 58
	[ 1177.  1178.  1180.  1168.  1172.  1170.   163.   676.]
Cluster 59
	[ 1183.  1191.  1194.  1185.  1199.   926.    14.]
Cluster 60
	[ 1204.  1216.  1205.  1207.  1210.]
Cluster 61
	[  348.   862.   863.  1228.  1222.  1240.  1237.  1233.  1255.  1231.]
Cluster 62
	[ 1244.   861.  1247.]
Cluster 63
	[ 1269.  1275.  1273.  1272.]
Cluster 64
	[  409.  1289.  1286.  1295.  1297.  1285.  1290.]
Cluster 65
	[ 1312.  1311.  1316.  1317.  1310.  1301.]
Cluster 66
	[ 1328.  1331.   755.  1326.]
Cluster 67
	[  571.  1349.   516.  1353.   489.   632.  1351.  1346.  1358.  1341.]
Cluster 68
	[ 1373.  1368.   944.  1380.]
Cluster 69
	[ 1383.  1385.  1384.]
accuracy: 0.688095238095


accuratezza media ottenuta in 5 esecuzioni: 0.686666666667
errori medi di purezza ottenuti: [ 0.21799825  0.17102733]
Precision e Recall:

	Classe | Precision | Recall
	1 | 0.15 | 0.1
	2 | 0.457142857143 | 0.466666666667
	3 | 0.746666666667 | 0.6
	4 | 0.842857142857 | 1.0
	5 | 0.334365079365 | 0.466666666667
	6 | 0.80119047619 | 0.833333333333
	7 | 1.0 | 1.0
	8 | 0.824761904762 | 0.8
	9 | 0.515714285714 | 0.5
	10 | 0.62 | 0.333333333333
	11 | 0.753333333333 | 1.0
	12 | 0.847619047619 | 1.0
	13 | 0.883333333333 | 1.0
	14 | 0.833333333333 | 1.0
	15 | 0.653333333333 | 0.6
	16 | 0.804761904762 | 1.0
	17 | 0.87619047619 | 0.8
	18 | 0.68 | 0.466666666667
	19 | 0.742857142857 | 0.933333333333
	20 | 0.74 | 0.566666666667
	21 | 0.358741258741 | 0.666666666667
	22 | 0.6 | 0.466666666667
	23 | 0.942857142857 | 1.0
	24 | 1.0 | 0.833333333333
	25 | 0.741428571429 | 0.9
	26 | 0.646666666667 | 0.4
	27 | 0.766666666667 | 0.166666666667
	28 | 0.65 | 0.766666666667
	29 | 0.43 | 0.366666666667
	30 | 0.835714285714 | 1.0
	31 | 0.971428571429 | 0.933333333333
	32 | 0.0333333333333 | 0.0333333333333
	33 | 0.891428571429 | 0.933333333333
	34 | 0.493333333333 | 0.366666666667
	35 | 1.0 | 1.0
	36 | 0.436060606061 | 0.6
	37 | 0.898095238095 | 0.766666666667
	38 | 0.826666666667 | 0.666666666667
	39 | 1.0 | 0.666666666667
	40 | 1.0 | 1.0
	41 | 0.646666666667 | 0.733333333333
	42 | 1.0 | 1.0
	43 | 0.788571428571 | 0.766666666667
	44 | 0.68 | 0.3
	45 | 0.65 | 0.366666666667
	46 | 0.594841269841 | 0.833333333333
	47 | 1.0 | 0.766666666667
	48 | 0.774285714286 | 0.8
	49 | 0.611111111111 | 0.7
	50 | 0.326666666667 | 0.233333333333
	51 | 0.68619047619 | 0.766666666667
	52 | 0.724242424242 | 0.8
	53 | 0.661111111111 | 0.566666666667
	54 | 0.583333333333 | 0.4
	55 | 0.833333333333 | 0.233333333333
	56 | 0.27380952381 | 0.466666666667
	57 | 0.435519480519 | 0.566666666667
	58 | 0.560714285714 | 0.666666666667
	59 | 0.645757575758 | 1.0
	60 | 0.71 | 0.633333333333
	61 | 0.742857142857 | 0.333333333333
	62 | 0.587857142857 | 0.666666666667
	63 | 0.0 | 0.0
	64 | 0.91 | 0.6
	65 | 0.659090909091 | 1.0
	66 | 0.586363636364 | 1.0
	67 | 0.453333333333 | 0.266666666667
	68 | 0.469230769231 | 1.0
	69 | 0.87 | 0.566666666667
	70 | 0.641666666667 | 0.533333333333
